{"Debug":{"InfoType":"MEMORY", "OS":"linux"}}

{
  "metrics":{
    "used_percent":58.903478647327,
    "swap_free":0,
    "free":16486400,
    "swap_page_out":0,
    "swap_used":0,
    "swap_total":0,
    "actual_used":298582016,
    "swap_page_in":0,
    "total":506900480,
    "free_percent":41.096521352673,
    "ram":488,
    "actual_free":208318464,
    "used":490414080
  },
  "timestamp":1441054458000
}